%YAML:1.0
cam1: !!opencv-matrix
   rows: 3
   cols: 3
   dt: d
   data: [ 1068.39, 0., 600.90, 0.,
       1068.19, 500.74, 0., 0., 1. ]
dis1: !!opencv-matrix
   rows: 5
   cols: 1
   dt: d
   data: [ -0.00087, 0.00238, 0.00012, 0.00000, 0.00000 ]
cam2: !!opencv-matrix
   rows: 3
   cols: 3
   dt: d
   data: [ 1067.83, 0., 698.22, 0.,
       1067.60, 501.65, 0., 0., 1. ]
dis2: !!opencv-matrix
   rows: 5
   cols: 1
   dt: d
   data: [ -0.00158, 0.00403, 0.00009, 0.00000, 0.00000 ]
imageSize: [ 1280, 1024 ]
rot: !!opencv-matrix
   rows: 3
   cols: 3
   dt: d
   data: [  0.9999992, 0.0000000, -0.0013000, 0.0000001, 1.0000000, 0.0001000, 0.0013000, -0.0001000, 0.9999992 ]
trans: !!opencv-matrix
   rows: 3
   cols: 1
   dt: d
   data: [ -4.2773, -0.0440, -0.0303 ]
R1: !!opencv-matrix
   rows: 3
   cols: 3
   dt: d
   data: [ 9.9748729352509524e-01, 2.6126119547254939e-02,
       6.5852297859550865e-02, -2.5911446176561052e-02,
       9.9965578474143268e-01, -4.1120542347376646e-03,
       -6.5937062514337452e-02, 2.3953935778462648e-03,
       9.9782090871888807e-01 ]
R2: !!opencv-matrix
   rows: 3
   cols: 3
   dt: d
   data: [ 9.9433714264493434e-01, 2.3048888947582877e-02,
       1.0374196583345448e-01, -2.3387005583497159e-02,
       9.9972439737117058e-01, 2.0438372457559535e-03,
       -1.0366626609724648e-01, -4.4584772211662344e-03,
       9.9460214520898915e-01 ]
P1: !!opencv-matrix
   rows: 3
   cols: 4
   dt: d
   data: [ 7.0412355983900136e+02, 0., 5.4249642181396484e+02, 0., 0.,
       7.0412355983900136e+02, 3.5123815345764160e+02, 0., 0., 0., 1.,
       0. ]
P2: !!opencv-matrix
   rows: 3
   cols: 4
   dt: d
   data: [ 7.0412355983900136e+02, 0., 5.4249642181396484e+02,
       -2.9531842436268389e+03, 0., 7.0412355983900136e+02,
       3.5123815345764160e+02, 0., 0., 0., 1., 0. ]
Q: !!opencv-matrix
   rows: 4
   cols: 4
   dt: d
   data: [ 1., 0., 0., -5.4249642181396484e+02, 0., 1., 0.,
       -3.5123815345764160e+02, 0., 0., 0., 7.0412355983900136e+02, 0.,
       0., 2.3842859156469670e-01, 0. ]
